302055684 6 11.6885 0.029
302055688 6 11.6885 0.029
302055692 6 11.6885 0.029
302055696 6 11.6885 0.029
302055700 6 11.6885 0.029
302055704 6 11.6885 0.029
302055708 6 11.6885 0.029
302055712 6 11.6885 0.029
302055940 6 11.6885 0.029
302055944 6 11.6885 0.029
302055948 6 11.6885 0.029
302055952 6 11.6885 0.029
302055956 6 11.6885 0.029
302055960 6 11.6885 0.029
302055964 6 11.6885 0.029
302055968 6 11.6885 0.029
302056196 6 11.6885 0.029
302056200 6 11.6885 0.029
302056204 6 11.6885 0.029
302056208 6 11.6885 0.029
302056212 6 11.6885 0.029
302056216 6 11.6885 0.029
302056220 6 11.6885 0.029
302056224 6 11.6885 0.029
302056452 6 11.6885 0.029
302056456 6 11.6885 0.029
302056460 6 11.6885 0.029
302056464 6 11.6885 0.029
302056468 6 11.6885 0.029
302056472 6 11.6885 0.029
302056476 6 11.6885 0.029
302056480 6 11.6885 0.029
302056708 6 11.6885 0.029
302056712 6 11.6885 0.029
302056716 6 11.6885 0.029
302056720 6 11.6885 0.029
302056724 6 11.6885 0.029
302056728 6 11.6885 0.029
302056732 6 11.6885 0.029
302056736 6 11.6885 0.029
302056964 6 11.6885 0.029
302056968 6 11.6885 0.029
302056972 6 11.6885 0.029
302056976 6 11.6885 0.029
302056980 6 11.6885 0.029
302056984 6 11.6885 0.029
302056988 6 11.6885 0.029
302056992 6 11.6885 0.029
302057220 6 11.6885 0.029
302057224 6 11.6885 0.029
302057228 6 11.6885 0.029
302057232 6 11.6885 0.029
302057236 6 11.6885 0.029
302057240 6 11.6885 0.029
302057244 6 11.6885 0.029
302057248 6 11.6885 0.029
302057476 6 11.6885 0.029
302057480 6 11.6885 0.029
302057484 6 11.6885 0.029
302057488 6 11.6885 0.029
302057492 6 11.6885 0.029
302057496 6 11.6885 0.029
302057500 6 11.6885 0.029
302057504 6 11.6885 0.029
302057732 6 11.6885 0.029
302057736 6 11.6885 0.029
302057740 6 11.6885 0.029
302057744 6 11.6885 0.029
302057748 6 11.6885 0.029
302057752 6 11.6885 0.029
302057756 6 11.6885 0.029
302057760 6 11.6885 0.029
302057988 6 11.6885 0.029
302057992 6 11.6885 0.029
302057996 6 11.6885 0.029
302058000 6 11.6885 0.029
302058004 6 11.6885 0.029
302058008 6 11.6885 0.029
302058012 6 11.6885 0.029
302058016 6 11.6885 0.029
302058244 6 11.6885 0.029
302058248 6 11.6885 0.029
302058252 6 11.6885 0.029
302058256 6 11.6885 0.029
302058260 6 11.6885 0.029
302058264 6 11.6885 0.029
302058268 6 11.6885 0.029
302058272 6 11.6885 0.029
302058500 6 11.6885 0.029
302058504 6 11.6885 0.029
302058508 6 11.6885 0.029
302058512 6 11.6885 0.029
302058516 6 11.6885 0.029
302058520 6 11.6885 0.029
302058524 6 11.6885 0.029
302058528 6 11.6885 0.029
302058756 6 11.6885 0.029
302058760 6 11.6885 0.029
302058764 6 11.6885 0.029
302058768 6 11.6885 0.029
302058772 6 11.6885 0.029
302058776 6 11.6885 0.029
302058780 6 11.6885 0.029
302058784 6 11.6885 0.029
302059012 6 11.6885 0.029
302059016 6 11.6885 0.029
302059020 6 11.6885 0.029
302059024 6 11.6885 0.029
302059028 6 11.6885 0.029
302059032 6 11.6885 0.029
302059036 6 11.6885 0.029
302059040 6 11.6885 0.029
302059268 6 11.6885 0.029
302059272 6 11.6885 0.029
302059276 6 11.6885 0.029
302059280 6 11.6885 0.029
302059284 6 11.6885 0.029
302059288 6 11.6885 0.029
302059292 6 11.6885 0.029
302059296 6 11.6885 0.029
302059524 6 11.6885 0.029
302059528 6 11.6885 0.029
302059532 6 11.6885 0.029
302059536 6 11.6885 0.029
302059540 6 11.6885 0.029
302059544 6 11.6885 0.029
302059548 6 11.6885 0.029
302059552 6 11.6885 0.029
302059780 6 11.6885 0.029
302059784 6 11.6885 0.029
302059788 6 11.6885 0.029
302059792 6 11.6885 0.029
302059796 6 11.6885 0.029
302059800 6 11.6885 0.029
302059804 6 11.6885 0.029
302059808 6 11.6885 0.029
302060036 6 11.6885 0.029
302060040 6 11.6885 0.029
302060044 6 11.6885 0.029
302060048 6 11.6885 0.029
302060052 6 11.6885 0.029
302060056 6 11.6885 0.029
302060060 6 11.6885 0.029
302060064 6 11.6885 0.029
302060292 6 11.6885 0.029
302060296 6 11.6885 0.029
302060300 6 11.6885 0.029
302060304 6 11.6885 0.029
302060308 6 11.6885 0.029
302060312 6 11.6885 0.029
302060316 6 11.6885 0.029
302060320 6 11.6885 0.029
302060548 6 11.6885 0.029
302060552 6 11.6885 0.029
302060556 6 11.6885 0.029
302060560 6 11.6885 0.029
302060564 6 11.6885 0.029
302060568 6 11.6885 0.029
302060572 6 11.6885 0.029
302060576 6 11.6885 0.029
302121220 6 11.6885 0.029
302121224 6 11.6885 0.029
302121228 6 11.6885 0.029
302121232 6 11.6885 0.029
302121236 6 11.6885 0.029
302121240 6 11.6885 0.029
302121244 6 11.6885 0.029
302121248 6 11.6885 0.029
302121476 6 11.6885 0.029
302121480 6 11.6885 0.029
302121484 6 11.6885 0.029
302121488 6 11.6885 0.029
302121492 6 11.6885 0.029
302121496 6 11.6885 0.029
302121500 6 11.6885 0.029
302121504 6 11.6885 0.029
302121732 6 11.6885 0.029
302121736 6 11.6885 0.029
302121740 6 11.6885 0.029
302121744 6 11.6885 0.029
302121748 6 11.6885 0.029
302121752 6 11.6885 0.029
302121756 6 11.6885 0.029
302121760 6 11.6885 0.029
302121988 6 11.6885 0.029
302121992 6 11.6885 0.029
302121996 6 11.6885 0.029
302122000 6 11.6885 0.029
302122004 6 11.6885 0.029
302122008 6 11.6885 0.029
302122012 6 11.6885 0.029
302122016 6 11.6885 0.029
302122244 6 11.6885 0.029
302122248 6 11.6885 0.029
302122252 6 11.6885 0.029
302122256 6 11.6885 0.029
302122260 6 11.6885 0.029
302122264 6 11.6885 0.029
302122268 6 11.6885 0.029
302122272 6 11.6885 0.029
302122500 6 11.6885 0.029
302122504 6 11.6885 0.029
302122508 6 11.6885 0.029
302122512 6 11.6885 0.029
302122516 6 11.6885 0.029
302122520 6 11.6885 0.029
302122524 6 11.6885 0.029
302122528 6 11.6885 0.029
302122756 6 11.6885 0.029
302122760 6 11.6885 0.029
302122764 6 11.6885 0.029
302122768 6 11.6885 0.029
302122772 6 11.6885 0.029
302122776 6 11.6885 0.029
302122780 6 11.6885 0.029
302122784 6 11.6885 0.029
302123012 6 11.6885 0.029
302123016 6 11.6885 0.029
302123020 6 11.6885 0.029
302123024 6 11.6885 0.029
302123028 6 11.6885 0.029
302123032 6 11.6885 0.029
302123036 6 11.6885 0.029
302123040 6 11.6885 0.029
302123268 6 11.6885 0.029
302123272 6 11.6885 0.029
302123276 6 11.6885 0.029
302123280 6 11.6885 0.029
302123284 6 11.6885 0.029
302123288 6 11.6885 0.029
302123292 6 11.6885 0.029
302123296 6 11.6885 0.029
302123524 6 11.6885 0.029
302123528 6 11.6885 0.029
302123532 6 11.6885 0.029
302123536 6 11.6885 0.029
302123540 6 11.6885 0.029
302123544 6 11.6885 0.029
302123548 6 11.6885 0.029
302123552 6 11.6885 0.029
302123780 6 11.6885 0.029
302123784 6 11.6885 0.029
302123788 6 11.6885 0.029
302123792 6 11.6885 0.029
302123796 6 11.6885 0.029
302123800 6 11.6885 0.029
302123804 6 11.6885 0.029
302123808 6 11.6885 0.029
302124036 6 11.6885 0.029
302124040 6 11.6885 0.029
302124044 6 11.6885 0.029
302124048 6 11.6885 0.029
302124052 6 11.6885 0.029
302124056 6 11.6885 0.029
302124060 6 11.6885 0.029
302124064 6 11.6885 0.029
302124292 6 11.6885 0.029
302124296 6 11.6885 0.029
302124300 6 11.6885 0.029
302124304 6 11.6885 0.029
302124308 6 11.6885 0.029
302124312 6 11.6885 0.029
302124316 6 11.6885 0.029
302124320 6 11.6885 0.029
302124548 6 11.6885 0.029
302124552 6 11.6885 0.029
302124556 6 11.6885 0.029
302124560 6 11.6885 0.029
302124564 6 11.6885 0.029
302124568 6 11.6885 0.029
302124572 6 11.6885 0.029
302124576 6 11.6885 0.029
302124804 6 11.6885 0.029
302124808 6 11.6885 0.029
302124812 6 11.6885 0.029
302124816 6 11.6885 0.029
302124820 6 11.6885 0.029
302124824 6 11.6885 0.029
302124828 6 11.6885 0.029
302124832 6 11.6885 0.029
302125060 6 11.6885 0.029
302125064 6 11.6885 0.029
302125068 6 11.6885 0.029
302125072 6 11.6885 0.029
302125076 6 11.6885 0.029
302125080 6 11.6885 0.029
302125084 6 11.6885 0.029
302125088 6 11.6885 0.029
302125316 6 11.6885 0.029
302125320 6 11.6885 0.029
302125324 6 11.6885 0.029
302125328 6 11.6885 0.029
302125332 6 11.6885 0.029
302125336 6 11.6885 0.029
302125340 6 11.6885 0.029
302125344 6 11.6885 0.029
302125572 6 11.6885 0.029
302125576 6 11.6885 0.029
302125580 6 11.6885 0.029
302125584 6 11.6885 0.029
302125588 6 11.6885 0.029
302125592 6 11.6885 0.029
302125596 6 11.6885 0.029
302125600 6 11.6885 0.029
302125828 6 11.6885 0.029
302125832 6 11.6885 0.029
302125836 6 11.6885 0.029
302125840 6 11.6885 0.029
302125844 6 11.6885 0.029
302125848 6 11.6885 0.029
302125852 6 11.6885 0.029
302125856 6 11.6885 0.029
302126084 6 11.6885 0.029
302126088 6 11.6885 0.029
302126092 6 11.6885 0.029
302126096 6 11.6885 0.029
302126100 6 11.6885 0.029
302126104 6 11.6885 0.029
302126108 6 11.6885 0.029
302126112 6 11.6885 0.029
302126340 6 11.6885 0.029
302126344 6 11.6885 0.029
302126348 6 11.6885 0.029
302126352 6 11.6885 0.029
302126356 6 11.6885 0.029
302126360 6 11.6885 0.029
302126364 6 11.6885 0.029
302126368 6 11.6885 0.029
302126596 6 11.6885 0.029
302126600 6 11.6885 0.029
302126604 6 11.6885 0.029
302126608 6 11.6885 0.029
302126612 6 11.6885 0.029
302126616 6 11.6885 0.029
302126620 6 11.6885 0.029
302126624 6 11.6885 0.029
302126852 6 11.6885 0.029
302126856 6 11.6885 0.029
302126860 6 11.6885 0.029
302126864 6 11.6885 0.029
302126868 6 11.6885 0.029
302126872 6 11.6885 0.029
302126876 6 11.6885 0.029
302126880 6 11.6885 0.029
302127108 6 11.6885 0.029
302127112 6 11.6885 0.029
302127116 6 11.6885 0.029
302127120 6 11.6885 0.029
302127124 6 11.6885 0.029
302127128 6 11.6885 0.029
302127132 6 11.6885 0.029
302127136 6 11.6885 0.029
302127364 6 11.6885 0.029
302127368 6 11.6885 0.029
302127372 6 11.6885 0.029
302127376 6 11.6885 0.029
302127380 6 11.6885 0.029
302127384 6 11.6885 0.029
302127388 6 11.6885 0.029
302127392 6 11.6885 0.029
302127620 6 11.6885 0.029
302127624 6 11.6885 0.029
302127628 6 11.6885 0.029
302127632 6 11.6885 0.029
302127636 6 11.6885 0.029
302127640 6 11.6885 0.029
302127644 6 11.6885 0.029
302127648 6 11.6885 0.029
302127876 6 11.6885 0.029
302127880 6 11.6885 0.029
302127884 6 11.6885 0.029
302127888 6 11.6885 0.029
302127892 6 11.6885 0.029
302127896 6 11.6885 0.029
302127900 6 11.6885 0.029
302127904 6 11.6885 0.029
302128132 6 11.6885 0.029
302128136 6 11.6885 0.029
302128140 6 11.6885 0.029
302128144 6 11.6885 0.029
302128148 6 11.6885 0.029
302128152 6 11.6885 0.029
302128156 6 11.6885 0.029
302128160 6 11.6885 0.029
302128388 6 11.6885 0.029
302128392 6 11.6885 0.029
302128396 6 11.6885 0.029
302128400 6 11.6885 0.029
302128404 6 11.6885 0.029
302128408 6 11.6885 0.029
302128412 6 11.6885 0.029
302128416 6 11.6885 0.029
302128644 6 11.6885 0.029
302128648 6 11.6885 0.029
302128652 6 11.6885 0.029
302128656 6 11.6885 0.029
302128660 6 11.6885 0.029
302128664 6 11.6885 0.029
302128668 6 11.6885 0.029
302128672 6 11.6885 0.029
302128900 6 11.6885 0.029
302128904 6 11.6885 0.029
302128908 6 11.6885 0.029
302128912 6 11.6885 0.029
302128916 6 11.6885 0.029
302128920 6 11.6885 0.029
302128924 6 11.6885 0.029
302128928 6 11.6885 0.029
302129156 6 11.6885 0.029
302129160 6 11.6885 0.029
302129164 6 11.6885 0.029
302129168 6 11.6885 0.029
302129172 6 11.6885 0.029
302129176 6 11.6885 0.029
302129180 6 11.6885 0.029
302129184 6 11.6885 0.029
302186756 6 11.6885 0.029
302186760 6 11.6885 0.029
302186764 6 11.6885 0.029
302186768 6 11.6885 0.029
302186772 6 11.6885 0.029
302186776 6 11.6885 0.029
302186780 6 11.6885 0.029
302186784 6 11.6885 0.029
302187012 6 11.6885 0.029
302187016 6 11.6885 0.029
302187020 6 11.6885 0.029
302187024 6 11.6885 0.029
302187028 6 11.6885 0.029
302187032 6 11.6885 0.029
302187036 6 11.6885 0.029
302187040 6 11.6885 0.029
302187268 6 11.6885 0.029
302187272 6 11.6885 0.029
302187276 6 11.6885 0.029
302187280 6 11.6885 0.029
302187284 6 11.6885 0.029
302187288 6 11.6885 0.029
302187292 6 11.6885 0.029
302187296 6 11.6885 0.029
302187524 6 11.6885 0.029
302187528 6 11.6885 0.029
302187532 6 11.6885 0.029
302187536 6 11.6885 0.029
302187540 6 11.6885 0.029
302187544 6 11.6885 0.029
302187548 6 11.6885 0.029
302187552 6 11.6885 0.029
302187780 6 11.6885 0.029
302187784 6 11.6885 0.029
302187788 6 11.6885 0.029
302187792 6 11.6885 0.029
302187796 6 11.6885 0.029
302187800 6 11.6885 0.029
302187804 6 11.6885 0.029
302187808 6 11.6885 0.029
302188036 6 11.6885 0.029
302188040 6 11.6885 0.029
302188044 6 11.6885 0.029
302188048 6 11.6885 0.029
302188052 6 11.6885 0.029
302188056 6 11.6885 0.029
302188060 6 11.6885 0.029
302188064 6 11.6885 0.029
302188292 6 11.6885 0.029
302188296 6 11.6885 0.029
302188300 6 11.6885 0.029
302188304 6 11.6885 0.029
302188308 6 11.6885 0.029
302188312 6 11.6885 0.029
302188316 6 11.6885 0.029
302188320 6 11.6885 0.029
302188548 6 11.6885 0.029
302188552 6 11.6885 0.029
302188556 6 11.6885 0.029
302188560 6 11.6885 0.029
302188564 6 11.6885 0.029
302188568 6 11.6885 0.029
302188572 6 11.6885 0.029
302188576 6 11.6885 0.029
302188804 6 11.6885 0.029
302188808 6 11.6885 0.029
302188812 6 11.6885 0.029
302188816 6 11.6885 0.029
302188820 6 11.6885 0.029
302188824 6 11.6885 0.029
302188828 6 11.6885 0.029
302188832 6 11.6885 0.029
302189060 6 11.6885 0.029
302189064 6 11.6885 0.029
302189068 6 11.6885 0.029
302189072 6 11.6885 0.029
302189076 6 11.6885 0.029
302189080 6 11.6885 0.029
302189084 6 11.6885 0.029
302189088 6 11.6885 0.029
302189316 6 11.6885 0.029
302189320 6 11.6885 0.029
302189324 6 11.6885 0.029
302189328 6 11.6885 0.029
302189332 6 11.6885 0.029
302189336 6 11.6885 0.029
302189340 6 11.6885 0.029
302189344 6 11.6885 0.029
302189572 6 11.6885 0.029
302189576 6 11.6885 0.029
302189580 6 11.6885 0.029
302189584 6 11.6885 0.029
302189588 6 11.6885 0.029
302189592 6 11.6885 0.029
302189596 6 11.6885 0.029
302189600 6 11.6885 0.029
302189828 6 11.6885 0.029
302189832 6 11.6885 0.029
302189836 6 11.6885 0.029
302189840 6 11.6885 0.029
302189844 6 11.6885 0.029
302189848 6 11.6885 0.029
302189852 6 11.6885 0.029
302189856 6 11.6885 0.029
302190084 6 11.6885 0.029
302190088 6 11.6885 0.029
302190092 6 11.6885 0.029
302190096 6 11.6885 0.029
302190100 6 11.6885 0.029
302190104 6 11.6885 0.029
302190108 6 11.6885 0.029
302190112 6 11.6885 0.029
302190340 6 11.6885 0.029
302190344 6 11.6885 0.029
302190348 6 11.6885 0.029
302190352 6 11.6885 0.029
302190356 6 11.6885 0.029
302190360 6 11.6885 0.029
302190364 6 11.6885 0.029
302190368 6 11.6885 0.029
302190596 6 11.6885 0.029
302190600 6 11.6885 0.029
302190604 6 11.6885 0.029
302190608 6 11.6885 0.029
302190612 6 11.6885 0.029
302190616 6 11.6885 0.029
302190620 6 11.6885 0.029
302190624 6 11.6885 0.029
302190852 6 11.6885 0.029
302190856 6 11.6885 0.029
302190860 6 11.6885 0.029
302190864 6 11.6885 0.029
302190868 6 11.6885 0.029
302190872 6 11.6885 0.029
302190876 6 11.6885 0.029
302190880 6 11.6885 0.029
302191108 6 11.6885 0.029
302191112 6 11.6885 0.029
302191116 6 11.6885 0.029
302191120 6 11.6885 0.029
302191124 6 11.6885 0.029
302191128 6 11.6885 0.029
302191132 6 11.6885 0.029
302191136 6 11.6885 0.029
302191364 6 11.6885 0.029
302191368 6 11.6885 0.029
302191372 6 11.6885 0.029
302191376 6 11.6885 0.029
302191380 6 11.6885 0.029
302191384 6 11.6885 0.029
302191388 6 11.6885 0.029
302191392 6 11.6885 0.029
302191620 6 11.6885 0.029
302191624 6 11.6885 0.029
302191628 6 11.6885 0.029
302191632 6 11.6885 0.029
302191636 6 11.6885 0.029
302191640 6 11.6885 0.029
302191644 6 11.6885 0.029
302191648 6 11.6885 0.029
302191876 6 11.6885 0.029
302191880 6 11.6885 0.029
302191884 6 11.6885 0.029
302191888 6 11.6885 0.029
302191892 6 11.6885 0.029
302191896 6 11.6885 0.029
302191900 6 11.6885 0.029
302191904 6 11.6885 0.029
302192132 6 11.6885 0.029
302192136 6 11.6885 0.029
302192140 6 11.6885 0.029
302192144 6 11.6885 0.029
302192148 6 11.6885 0.029
302192152 6 11.6885 0.029
302192156 6 11.6885 0.029
302192160 6 11.6885 0.029
302192388 6 11.6885 0.029
302192392 6 11.6885 0.029
302192396 6 11.6885 0.029
302192400 6 11.6885 0.029
302192404 6 11.6885 0.029
302192408 6 11.6885 0.029
302192412 6 11.6885 0.029
302192416 6 11.6885 0.029
302192644 6 11.6885 0.029
302192648 6 11.6885 0.029
302192652 6 11.6885 0.029
302192656 6 11.6885 0.029
302192660 6 11.6885 0.029
302192664 6 11.6885 0.029
302192668 6 11.6885 0.029
302192672 6 11.6885 0.029
302192900 6 11.6885 0.029
302192904 6 11.6885 0.029
302192908 6 11.6885 0.029
302192912 6 11.6885 0.029
302192916 6 11.6885 0.029
302192920 6 11.6885 0.029
302192924 6 11.6885 0.029
302192928 6 11.6885 0.029
302193156 6 11.6885 0.029
302193160 6 11.6885 0.029
302193164 6 11.6885 0.029
302193168 6 11.6885 0.029
302193172 6 11.6885 0.029
302193176 6 11.6885 0.029
302193180 6 11.6885 0.029
302193184 6 11.6885 0.029
302193412 6 11.6885 0.029
302193416 6 11.6885 0.029
302193420 6 11.6885 0.029
302193424 6 11.6885 0.029
302193428 6 11.6885 0.029
302193432 6 11.6885 0.029
302193436 6 11.6885 0.029
302193440 6 11.6885 0.029
302193668 6 11.6885 0.029
302193672 6 11.6885 0.029
302193676 6 11.6885 0.029
302193680 6 11.6885 0.029
302193684 6 11.6885 0.029
302193688 6 11.6885 0.029
302193692 6 11.6885 0.029
302193696 6 11.6885 0.029
302193924 6 11.6885 0.029
302193928 6 11.6885 0.029
302193932 6 11.6885 0.029
302193936 6 11.6885 0.029
302193940 6 11.6885 0.029
302193944 6 11.6885 0.029
302193948 6 11.6885 0.029
302193952 6 11.6885 0.029
302194180 6 11.6885 0.029
302194184 6 11.6885 0.029
302194188 6 11.6885 0.029
302194192 6 11.6885 0.029
302194196 6 11.6885 0.029
302194200 6 11.6885 0.029
302194204 6 11.6885 0.029
302194208 6 11.6885 0.029
302194436 6 11.6885 0.029
302194440 6 11.6885 0.029
302194444 6 11.6885 0.029
302194448 6 11.6885 0.029
302194452 6 11.6885 0.029
302194456 6 11.6885 0.029
302194460 6 11.6885 0.029
302194464 6 11.6885 0.029
302194692 6 11.6885 0.029
302194696 6 11.6885 0.029
302194700 6 11.6885 0.029
302194704 6 11.6885 0.029
302194708 6 11.6885 0.029
302194712 6 11.6885 0.029
302194716 6 11.6885 0.029
302194720 6 11.6885 0.029
302194948 6 11.6885 0.029
302194952 6 11.6885 0.029
302194956 6 11.6885 0.029
302194960 6 11.6885 0.029
302194964 6 11.6885 0.029
302194968 6 11.6885 0.029
302194972 6 11.6885 0.029
302194976 6 11.6885 0.029
302195204 6 11.6885 0.029
302195208 6 11.6885 0.029
302195212 6 11.6885 0.029
302195216 6 11.6885 0.029
302195220 6 11.6885 0.029
302195224 6 11.6885 0.029
302195228 6 11.6885 0.029
302195232 6 11.6885 0.029
302195460 6 11.6885 0.029
302195464 6 11.6885 0.029
302195468 6 11.6885 0.029
302195472 6 11.6885 0.029
302195476 6 11.6885 0.029
302195480 6 11.6885 0.029
302195484 6 11.6885 0.029
302195488 6 11.6885 0.029
302195716 6 11.6885 0.029
302195720 6 11.6885 0.029
302195724 6 11.6885 0.029
302195728 6 11.6885 0.029
302195732 6 11.6885 0.029
302195736 6 11.6885 0.029
302195740 6 11.6885 0.029
302195744 6 11.6885 0.029
302195972 6 11.6885 0.029
302195976 6 11.6885 0.029
302195980 6 11.6885 0.029
302195984 6 11.6885 0.029
302195988 6 11.6885 0.029
302195992 6 11.6885 0.029
302195996 6 11.6885 0.029
302196000 6 11.6885 0.029
302196228 6 11.6885 0.029
302196232 6 11.6885 0.029
302196236 6 11.6885 0.029
302196240 6 11.6885 0.029
302196244 6 11.6885 0.029
302196248 6 11.6885 0.029
302196252 6 11.6885 0.029
302196256 6 11.6885 0.029
302196484 6 11.6885 0.029
302196488 6 11.6885 0.029
302196492 6 11.6885 0.029
302196496 6 11.6885 0.029
302196500 6 11.6885 0.029
302196504 6 11.6885 0.029
302196508 6 11.6885 0.029
302196512 6 11.6885 0.029
302196740 6 11.6885 0.029
302196744 6 11.6885 0.029
302196748 6 11.6885 0.029
302196752 6 11.6885 0.029
302196756 6 11.6885 0.029
302196760 6 11.6885 0.029
302196764 6 11.6885 0.029
302196768 6 11.6885 0.029
302196996 6 11.6885 0.029
302197000 6 11.6885 0.029
302197004 6 11.6885 0.029
302197008 6 11.6885 0.029
302197012 6 11.6885 0.029
302197016 6 11.6885 0.029
302197020 6 11.6885 0.029
302197024 6 11.6885 0.029
302197252 6 11.6885 0.029
302197256 6 11.6885 0.029
302197260 6 11.6885 0.029
302197264 6 11.6885 0.029
302197268 6 11.6885 0.029
302197272 6 11.6885 0.029
302197276 6 11.6885 0.029
302197280 6 11.6885 0.029
302197508 6 11.6885 0.029
302197512 6 11.6885 0.029
302197516 6 11.6885 0.029
302197520 6 11.6885 0.029
302197524 6 11.6885 0.029
302197528 6 11.6885 0.029
302197532 6 11.6885 0.029
302197536 6 11.6885 0.029
302197764 6 11.6885 0.029
302197768 6 11.6885 0.029
302197772 6 11.6885 0.029
302197776 6 11.6885 0.029
302197780 6 11.6885 0.029
302197784 6 11.6885 0.029
302197788 6 11.6885 0.029
302197792 6 11.6885 0.029
352388356 6 11.6885 0.029
352388360 6 11.6885 0.029
352388364 6 11.6885 0.029
352388368 6 11.6885 0.029
352389380 6 11.6885 0.029
352389384 6 11.6885 0.029
352389388 6 11.6885 0.029
352389392 6 11.6885 0.029
352390404 6 11.6885 0.029
352390408 6 11.6885 0.029
352390412 6 11.6885 0.029
352390416 6 11.6885 0.029
352391428 6 11.6885 0.029
352391432 6 11.6885 0.029
352391436 6 11.6885 0.029
352391440 6 11.6885 0.029
352392452 6 11.6885 0.029
352392456 6 11.6885 0.029
352392460 6 11.6885 0.029
352392464 6 11.6885 0.029
352393476 6 11.6885 0.029
352393480 6 11.6885 0.029
352393484 6 11.6885 0.029
352393488 6 11.6885 0.029
352394500 6 11.6885 0.029
352394504 6 11.6885 0.029
352394508 6 11.6885 0.029
352394512 6 11.6885 0.029
352395524 6 11.6885 0.029
352395528 6 11.6885 0.029
352395532 6 11.6885 0.029
352395536 6 11.6885 0.029
352396548 6 11.6885 0.029
352396552 6 11.6885 0.029
352396556 6 11.6885 0.029
352396560 6 11.6885 0.029
352397572 6 11.6885 0.029
352397576 6 11.6885 0.029
352397580 6 11.6885 0.029
352397584 6 11.6885 0.029
352398596 6 11.6885 0.029
352398600 6 11.6885 0.029
352398604 6 11.6885 0.029
352398608 6 11.6885 0.029
352399620 6 11.6885 0.029
352399624 6 11.6885 0.029
352399628 6 11.6885 0.029
352399632 6 11.6885 0.029
352400644 6 11.6885 0.029
352400648 6 11.6885 0.029
352400652 6 11.6885 0.029
352400656 6 11.6885 0.029
352401668 6 11.6885 0.029
352401672 6 11.6885 0.029
352401676 6 11.6885 0.029
352401680 6 11.6885 0.029
352402692 6 11.6885 0.029
352402696 6 11.6885 0.029
352402700 6 11.6885 0.029
352402704 6 11.6885 0.029
352403716 6 11.6885 0.029
352403720 6 11.6885 0.029
352403724 6 11.6885 0.029
352403728 6 11.6885 0.029
352404740 6 11.6885 0.029
352404744 6 11.6885 0.029
352404748 6 11.6885 0.029
352404752 6 11.6885 0.029
352405764 6 11.6885 0.029
352405768 6 11.6885 0.029
352405772 6 11.6885 0.029
352405776 6 11.6885 0.029
352406788 6 11.6885 0.029
352406792 6 11.6885 0.029
352406796 6 11.6885 0.029
352406800 6 11.6885 0.029
352407812 6 11.6885 0.029
352407816 6 11.6885 0.029
352407820 6 11.6885 0.029
352407824 6 11.6885 0.029
352408836 6 11.6885 0.029
352408840 6 11.6885 0.029
352408844 6 11.6885 0.029
352408848 6 11.6885 0.029
352409860 6 11.6885 0.029
352409864 6 11.6885 0.029
352409868 6 11.6885 0.029
352409872 6 11.6885 0.029
352410884 6 11.6885 0.029
352410888 6 11.6885 0.029
352410892 6 11.6885 0.029
352410896 6 11.6885 0.029
352411908 6 11.6885 0.029
352411912 6 11.6885 0.029
352411916 6 11.6885 0.029
352411920 6 11.6885 0.029
352388612 6 11.6885 0.029
352388616 6 11.6885 0.029
352388620 6 11.6885 0.029
352389636 6 11.6885 0.029
352389640 6 11.6885 0.029
352389644 6 11.6885 0.029
352390660 6 11.6885 0.029
352390664 6 11.6885 0.029
352390668 6 11.6885 0.029
352391684 6 11.6885 0.029
352391688 6 11.6885 0.029
352391692 6 11.6885 0.029
352392708 6 11.6885 0.029
352392712 6 11.6885 0.029
352392716 6 11.6885 0.029
352393732 6 11.6885 0.029
352393736 6 11.6885 0.029
352393740 6 11.6885 0.029
352394756 6 11.6885 0.029
352394760 6 11.6885 0.029
352394764 6 11.6885 0.029
352395780 6 11.6885 0.029
352395784 6 11.6885 0.029
352395788 6 11.6885 0.029
352396804 6 11.6885 0.029
352396808 6 11.6885 0.029
352396812 6 11.6885 0.029
352397828 6 11.6885 0.029
352397832 6 11.6885 0.029
352397836 6 11.6885 0.029
352398852 6 11.6885 0.029
352398856 6 11.6885 0.029
352398860 6 11.6885 0.029
352399876 6 11.6885 0.029
352399880 6 11.6885 0.029
352399884 6 11.6885 0.029
352400900 6 11.6885 0.029
352400904 6 11.6885 0.029
352400908 6 11.6885 0.029
352401924 6 11.6885 0.029
352401928 6 11.6885 0.029
352401932 6 11.6885 0.029
352402948 6 11.6885 0.029
352402952 6 11.6885 0.029
352402956 6 11.6885 0.029
352403972 6 11.6885 0.029
352403976 6 11.6885 0.029
352403980 6 11.6885 0.029
352404996 6 11.6885 0.029
352405000 6 11.6885 0.029
352405004 6 11.6885 0.029
352406020 6 11.6885 0.029
352406024 6 11.6885 0.029
352406028 6 11.6885 0.029
352407044 6 11.6885 0.029
352407048 6 11.6885 0.029
352407052 6 11.6885 0.029
352408068 6 11.6885 0.029
352408072 6 11.6885 0.029
352408076 6 11.6885 0.029
352409092 6 11.6885 0.029
352409096 6 11.6885 0.029
352409100 6 11.6885 0.029
352410116 6 11.6885 0.029
352410120 6 11.6885 0.029
352410124 6 11.6885 0.029
352411140 6 11.6885 0.029
352411144 6 11.6885 0.029
352411148 6 11.6885 0.029
352412164 6 11.6885 0.029
352412168 6 11.6885 0.029
352412172 6 11.6885 0.029
352453892 6 11.6885 0.029
352453896 6 11.6885 0.029
352453900 6 11.6885 0.029
352453904 6 11.6885 0.029
352454916 6 11.6885 0.029
352454920 6 11.6885 0.029
352454924 6 11.6885 0.029
352454928 6 11.6885 0.029
352455940 6 11.6885 0.029
352455944 6 11.6885 0.029
352455948 6 11.6885 0.029
352455952 6 11.6885 0.029
352456964 6 11.6885 0.029
352456968 6 11.6885 0.029
352456972 6 11.6885 0.029
352456976 6 11.6885 0.029
352457988 6 11.6885 0.029
352457992 6 11.6885 0.029
352457996 6 11.6885 0.029
352458000 6 11.6885 0.029
352459012 6 11.6885 0.029
352459016 6 11.6885 0.029
352459020 6 11.6885 0.029
352459024 6 11.6885 0.029
352460036 6 11.6885 0.029
352460040 6 11.6885 0.029
352460044 6 11.6885 0.029
352460048 6 11.6885 0.029
352461060 6 11.6885 0.029
352461064 6 11.6885 0.029
352461068 6 11.6885 0.029
352461072 6 11.6885 0.029
352462084 6 11.6885 0.029
352462088 6 11.6885 0.029
352462092 6 11.6885 0.029
352462096 6 11.6885 0.029
352463108 6 11.6885 0.029
352463112 6 11.6885 0.029
352463116 6 11.6885 0.029
352463120 6 11.6885 0.029
352464132 6 11.6885 0.029
352464136 6 11.6885 0.029
352464140 6 11.6885 0.029
352464144 6 11.6885 0.029
352465156 6 11.6885 0.029
352465160 6 11.6885 0.029
352465164 6 11.6885 0.029
352465168 6 11.6885 0.029
352466180 6 11.6885 0.029
352466184 6 11.6885 0.029
352466188 6 11.6885 0.029
352466192 6 11.6885 0.029
352467204 6 11.6885 0.029
352467208 6 11.6885 0.029
352467212 6 11.6885 0.029
352467216 6 11.6885 0.029
352468228 6 11.6885 0.029
352468232 6 11.6885 0.029
352468236 6 11.6885 0.029
352468240 6 11.6885 0.029
352469252 6 11.6885 0.029
352469256 6 11.6885 0.029
352469260 6 11.6885 0.029
352469264 6 11.6885 0.029
352470276 6 11.6885 0.029
352470280 6 11.6885 0.029
352470284 6 11.6885 0.029
352470288 6 11.6885 0.029
352471300 6 11.6885 0.029
352471304 6 11.6885 0.029
352471308 6 11.6885 0.029
352471312 6 11.6885 0.029
352472324 6 11.6885 0.029
352472328 6 11.6885 0.029
352472332 6 11.6885 0.029
352472336 6 11.6885 0.029
352473348 6 11.6885 0.029
352473352 6 11.6885 0.029
352473356 6 11.6885 0.029
352473360 6 11.6885 0.029
352474372 6 11.6885 0.029
352474376 6 11.6885 0.029
352474380 6 11.6885 0.029
352474384 6 11.6885 0.029
352475396 6 11.6885 0.029
352475400 6 11.6885 0.029
352475404 6 11.6885 0.029
352475408 6 11.6885 0.029
352476420 6 11.6885 0.029
352476424 6 11.6885 0.029
352476428 6 11.6885 0.029
352476432 6 11.6885 0.029
352477444 6 11.6885 0.029
352477448 6 11.6885 0.029
352477452 6 11.6885 0.029
352477456 6 11.6885 0.029
352454148 6 11.6885 0.029
352454152 6 11.6885 0.029
352454156 6 11.6885 0.029
352455172 6 11.6885 0.029
352455176 6 11.6885 0.029
352455180 6 11.6885 0.029
352456196 6 11.6885 0.029
352456200 6 11.6885 0.029
352456204 6 11.6885 0.029
352457220 6 11.6885 0.029
352457224 6 11.6885 0.029
352457228 6 11.6885 0.029
352458244 6 11.6885 0.029
352458248 6 11.6885 0.029
352458252 6 11.6885 0.029
352459268 6 11.6885 0.029
352459272 6 11.6885 0.029
352459276 6 11.6885 0.029
352460292 6 11.6885 0.029
352460296 6 11.6885 0.029
352460300 6 11.6885 0.029
352461316 6 11.6885 0.029
352461320 6 11.6885 0.029
352461324 6 11.6885 0.029
352462340 6 11.6885 0.029
352462344 6 11.6885 0.029
352462348 6 11.6885 0.029
352463364 6 11.6885 0.029
352463368 6 11.6885 0.029
352463372 6 11.6885 0.029
352464388 6 11.6885 0.029
352464392 6 11.6885 0.029
352464396 6 11.6885 0.029
352465412 6 11.6885 0.029
352465416 6 11.6885 0.029
352465420 6 11.6885 0.029
352466436 6 11.6885 0.029
352466440 6 11.6885 0.029
352466444 6 11.6885 0.029
352467460 6 11.6885 0.029
352467464 6 11.6885 0.029
352467468 6 11.6885 0.029
352468484 6 11.6885 0.029
352468488 6 11.6885 0.029
352468492 6 11.6885 0.029
352469508 6 11.6885 0.029
352469512 6 11.6885 0.029
352469516 6 11.6885 0.029
352470532 6 11.6885 0.029
352470536 6 11.6885 0.029
352470540 6 11.6885 0.029
352471556 6 11.6885 0.029
352471560 6 11.6885 0.029
352471564 6 11.6885 0.029
352472580 6 11.6885 0.029
352472584 6 11.6885 0.029
352472588 6 11.6885 0.029
352473604 6 11.6885 0.029
352473608 6 11.6885 0.029
352473612 6 11.6885 0.029
352474628 6 11.6885 0.029
352474632 6 11.6885 0.029
352474636 6 11.6885 0.029
352475652 6 11.6885 0.029
352475656 6 11.6885 0.029
352475660 6 11.6885 0.029
352476676 6 11.6885 0.029
352476680 6 11.6885 0.029
352476684 6 11.6885 0.029
352477700 6 11.6885 0.029
352477704 6 11.6885 0.029
352477708 6 11.6885 0.029
343999748 6 11.6885 0.029
343999752 6 11.6885 0.029
343999756 6 11.6885 0.029
343999760 6 11.6885 0.029
344000772 6 11.6885 0.029
344000776 6 11.6885 0.029
344000780 6 11.6885 0.029
344000784 6 11.6885 0.029
344001796 6 11.6885 0.029
344001800 6 11.6885 0.029
344001804 6 11.6885 0.029
344001808 6 11.6885 0.029
344002820 6 11.6885 0.029
344002824 6 11.6885 0.029
344002828 6 11.6885 0.029
344002832 6 11.6885 0.029
344003844 6 11.6885 0.029
344003848 6 11.6885 0.029
344003852 6 11.6885 0.029
344003856 6 11.6885 0.029
344004868 6 11.6885 0.029
344004872 6 11.6885 0.029
344004876 6 11.6885 0.029
344004880 6 11.6885 0.029
344005892 6 11.6885 0.029
344005896 6 11.6885 0.029
344005900 6 11.6885 0.029
344005904 6 11.6885 0.029
344006916 6 11.6885 0.029
344006920 6 11.6885 0.029
344006924 6 11.6885 0.029
344006928 6 11.6885 0.029
344007940 6 11.6885 0.029
344007944 6 11.6885 0.029
344007948 6 11.6885 0.029
344007952 6 11.6885 0.029
344008964 6 11.6885 0.029
344008968 6 11.6885 0.029
344008972 6 11.6885 0.029
344008976 6 11.6885 0.029
344009988 6 11.6885 0.029
344009992 6 11.6885 0.029
344009996 6 11.6885 0.029
344010000 6 11.6885 0.029
344011012 6 11.6885 0.029
344011016 6 11.6885 0.029
344011020 6 11.6885 0.029
344011024 6 11.6885 0.029
344012036 6 11.6885 0.029
344012040 6 11.6885 0.029
344012044 6 11.6885 0.029
344012048 6 11.6885 0.029
344013060 6 11.6885 0.029
344013064 6 11.6885 0.029
344013068 6 11.6885 0.029
344013072 6 11.6885 0.029
344014084 6 11.6885 0.029
344014088 6 11.6885 0.029
344014092 6 11.6885 0.029
344014096 6 11.6885 0.029
344015108 6 11.6885 0.029
344015112 6 11.6885 0.029
344015116 6 11.6885 0.029
344015120 6 11.6885 0.029
344016132 6 11.6885 0.029
344016136 6 11.6885 0.029
344016140 6 11.6885 0.029
344016144 6 11.6885 0.029
344017156 6 11.6885 0.029
344017160 6 11.6885 0.029
344017164 6 11.6885 0.029
344017168 6 11.6885 0.029
344018180 6 11.6885 0.029
344018184 6 11.6885 0.029
344018188 6 11.6885 0.029
344018192 6 11.6885 0.029
344019204 6 11.6885 0.029
344019208 6 11.6885 0.029
344019212 6 11.6885 0.029
344019216 6 11.6885 0.029
344020228 6 11.6885 0.029
344020232 6 11.6885 0.029
344020236 6 11.6885 0.029
344020240 6 11.6885 0.029
344021252 6 11.6885 0.029
344021256 6 11.6885 0.029
344021260 6 11.6885 0.029
344021264 6 11.6885 0.029
344022276 6 11.6885 0.029
344022280 6 11.6885 0.029
344022284 6 11.6885 0.029
344022288 6 11.6885 0.029
344023300 6 11.6885 0.029
344023304 6 11.6885 0.029
344023308 6 11.6885 0.029
344023312 6 11.6885 0.029
344000004 6 11.6885 0.029
344000008 6 11.6885 0.029
344000012 6 11.6885 0.029
344001028 6 11.6885 0.029
344001032 6 11.6885 0.029
344001036 6 11.6885 0.029
344002052 6 11.6885 0.029
344002056 6 11.6885 0.029
344002060 6 11.6885 0.029
344003076 6 11.6885 0.029
344003080 6 11.6885 0.029
344003084 6 11.6885 0.029
344004100 6 11.6885 0.029
344004104 6 11.6885 0.029
344004108 6 11.6885 0.029
344005124 6 11.6885 0.029
344005128 6 11.6885 0.029
344005132 6 11.6885 0.029
344006148 6 11.6885 0.029
344006152 6 11.6885 0.029
344006156 6 11.6885 0.029
344007172 6 11.6885 0.029
344007176 6 11.6885 0.029
344007180 6 11.6885 0.029
344008196 6 11.6885 0.029
344008200 6 11.6885 0.029
344008204 6 11.6885 0.029
344009220 6 11.6885 0.029
344009224 6 11.6885 0.029
344009228 6 11.6885 0.029
344010244 6 11.6885 0.029
344010248 6 11.6885 0.029
344010252 6 11.6885 0.029
344011268 6 11.6885 0.029
344011272 6 11.6885 0.029
344011276 6 11.6885 0.029
344012292 6 11.6885 0.029
344012296 6 11.6885 0.029
344012300 6 11.6885 0.029
344013316 6 11.6885 0.029
344013320 6 11.6885 0.029
344013324 6 11.6885 0.029
344014340 6 11.6885 0.029
344014344 6 11.6885 0.029
344014348 6 11.6885 0.029
344015364 6 11.6885 0.029
344015368 6 11.6885 0.029
344015372 6 11.6885 0.029
344016388 6 11.6885 0.029
344016392 6 11.6885 0.029
344016396 6 11.6885 0.029
344017412 6 11.6885 0.029
344017416 6 11.6885 0.029
344017420 6 11.6885 0.029
344018436 6 11.6885 0.029
344018440 6 11.6885 0.029
344018444 6 11.6885 0.029
344019460 6 11.6885 0.029
344019464 6 11.6885 0.029
344019468 6 11.6885 0.029
344020484 6 11.6885 0.029
344020488 6 11.6885 0.029
344020492 6 11.6885 0.029
344021508 6 11.6885 0.029
344021512 6 11.6885 0.029
344021516 6 11.6885 0.029
344022532 6 11.6885 0.029
344022536 6 11.6885 0.029
344022540 6 11.6885 0.029
344023556 6 11.6885 0.029
344023560 6 11.6885 0.029
344023564 6 11.6885 0.029
344065284 6 11.6885 0.029
344065288 6 11.6885 0.029
344065292 6 11.6885 0.029
344065296 6 11.6885 0.029
344066308 6 11.6885 0.029
344066312 6 11.6885 0.029
344066316 6 11.6885 0.029
344066320 6 11.6885 0.029
344067332 6 11.6885 0.029
344067336 6 11.6885 0.029
344067340 6 11.6885 0.029
344067344 6 11.6885 0.029
344068356 6 11.6885 0.029
344068360 6 11.6885 0.029
344068364 6 11.6885 0.029
344068368 6 11.6885 0.029
344069380 6 11.6885 0.029
344069384 6 11.6885 0.029
344069388 6 11.6885 0.029
344069392 6 11.6885 0.029
344070404 6 11.6885 0.029
344070408 6 11.6885 0.029
344070412 6 11.6885 0.029
344070416 6 11.6885 0.029
344071428 6 11.6885 0.029
344071432 6 11.6885 0.029
344071436 6 11.6885 0.029
344071440 6 11.6885 0.029
344072452 6 11.6885 0.029
344072456 6 11.6885 0.029
344072460 6 11.6885 0.029
344072464 6 11.6885 0.029
344073476 6 11.6885 0.029
344073480 6 11.6885 0.029
344073484 6 11.6885 0.029
344073488 6 11.6885 0.029
344074500 6 11.6885 0.029
344074504 6 11.6885 0.029
344074508 6 11.6885 0.029
344074512 6 11.6885 0.029
344075524 6 11.6885 0.029
344075528 6 11.6885 0.029
344075532 6 11.6885 0.029
344075536 6 11.6885 0.029
344076548 6 11.6885 0.029
344076552 6 11.6885 0.029
344076556 6 11.6885 0.029
344076560 6 11.6885 0.029
344077572 6 11.6885 0.029
344077576 6 11.6885 0.029
344077580 6 11.6885 0.029
344077584 6 11.6885 0.029
344078596 6 11.6885 0.029
344078600 6 11.6885 0.029
344078604 6 11.6885 0.029
344078608 6 11.6885 0.029
344079620 6 11.6885 0.029
344079624 6 11.6885 0.029
344079628 6 11.6885 0.029
344079632 6 11.6885 0.029
344080644 6 11.6885 0.029
344080648 6 11.6885 0.029
344080652 6 11.6885 0.029
344080656 6 11.6885 0.029
344081668 6 11.6885 0.029
344081672 6 11.6885 0.029
344081676 6 11.6885 0.029
344081680 6 11.6885 0.029
344082692 6 11.6885 0.029
344082696 6 11.6885 0.029
344082700 6 11.6885 0.029
344082704 6 11.6885 0.029
344083716 6 11.6885 0.029
344083720 6 11.6885 0.029
344083724 6 11.6885 0.029
344083728 6 11.6885 0.029
344084740 6 11.6885 0.029
344084744 6 11.6885 0.029
344084748 6 11.6885 0.029
344084752 6 11.6885 0.029
344085764 6 11.6885 0.029
344085768 6 11.6885 0.029
344085772 6 11.6885 0.029
344085776 6 11.6885 0.029
344086788 6 11.6885 0.029
344086792 6 11.6885 0.029
344086796 6 11.6885 0.029
344086800 6 11.6885 0.029
344087812 6 11.6885 0.029
344087816 6 11.6885 0.029
344087820 6 11.6885 0.029
344087824 6 11.6885 0.029
344088836 6 11.6885 0.029
344088840 6 11.6885 0.029
344088844 6 11.6885 0.029
344088848 6 11.6885 0.029
344065540 6 11.6885 0.029
344065544 6 11.6885 0.029
344065548 6 11.6885 0.029
344066564 6 11.6885 0.029
344066568 6 11.6885 0.029
344066572 6 11.6885 0.029
344067588 6 11.6885 0.029
344067592 6 11.6885 0.029
344067596 6 11.6885 0.029
344068612 6 11.6885 0.029
344068616 6 11.6885 0.029
344068620 6 11.6885 0.029
344069636 6 11.6885 0.029
344069640 6 11.6885 0.029
344069644 6 11.6885 0.029
344070660 6 11.6885 0.029
344070664 6 11.6885 0.029
344070668 6 11.6885 0.029
344071684 6 11.6885 0.029
344071688 6 11.6885 0.029
344071692 6 11.6885 0.029
344072708 6 11.6885 0.029
344072712 6 11.6885 0.029
344072716 6 11.6885 0.029
344073732 6 11.6885 0.029
344073736 6 11.6885 0.029
344073740 6 11.6885 0.029
344074756 6 11.6885 0.029
344074760 6 11.6885 0.029
344074764 6 11.6885 0.029
344075780 6 11.6885 0.029
344075784 6 11.6885 0.029
344075788 6 11.6885 0.029
344076804 6 11.6885 0.029
344076808 6 11.6885 0.029
344076812 6 11.6885 0.029
344077828 6 11.6885 0.029
344077832 6 11.6885 0.029
344077836 6 11.6885 0.029
344078852 6 11.6885 0.029
344078856 6 11.6885 0.029
344078860 6 11.6885 0.029
344079876 6 11.6885 0.029
344079880 6 11.6885 0.029
344079884 6 11.6885 0.029
344080900 6 11.6885 0.029
344080904 6 11.6885 0.029
344080908 6 11.6885 0.029
344081924 6 11.6885 0.029
344081928 6 11.6885 0.029
344081932 6 11.6885 0.029
344082948 6 11.6885 0.029
344082952 6 11.6885 0.029
344082956 6 11.6885 0.029
344083972 6 11.6885 0.029
344083976 6 11.6885 0.029
344083980 6 11.6885 0.029
344084996 6 11.6885 0.029
344085000 6 11.6885 0.029
344085004 6 11.6885 0.029
344086020 6 11.6885 0.029
344086024 6 11.6885 0.029
344086028 6 11.6885 0.029
344087044 6 11.6885 0.029
344087048 6 11.6885 0.029
344087052 6 11.6885 0.029
344088068 6 11.6885 0.029
344088072 6 11.6885 0.029
344088076 6 11.6885 0.029
344089092 6 11.6885 0.029
344089096 6 11.6885 0.029
344089100 6 11.6885 0.029